1530.0960	0.7426	-14.7456	0.0945	0.1012 
1530.0960	0.7013	-16.4456	0.0801	0.0863
1530.0960	0.6543	-18.1456	0.0678	0.0733
1530.0960	0.6182	-19.7456	0.0582	0.0626
1527.0480	0.5901	-20.9258	0.0548	0.0602
1530.0960	0.5759	-21.1456	0.0544	0.0601
1990.3440	0.6809	-25.4372	0.0557	0.0604
2045.2080	0.6760	-26.2939	0.0552	0.0598
2097.0240	0.6736	-27.1307	0.0547	0.0593
2179.3200	0.6747	-28.3656	0.0542	0.0587
1959.8640	0.6896	-24.5391	0.0562	0.0609
1813.5600	0.6842	-22.5881	0.0573	0.0619
1542.2880	0.6587	-18.2249	0.0587	0.0635
1676.4000	0.6376	-21.6966	0.0564	0.0610
1697.7360	0.6394	-21.8353	0.0563	0.0609

2284.76	2585.11
1785.52	2056.96
1375.8	1618.5
1046.79	1239.41
962.798	1204.31
977.779	1235.12
929.054	1130.85
934.097	1132.82
932.93	1132.54
928.452	1128.99
921.055	1121.3
936.947	1137.07
974.155	1178.09
965.069	1167.79
962.264	1164.95